100 0.002985 0.006812 0.002584 0.002694 0.001847 0.000498
200 0.013320 0.026814 0.012987 0.011382 0.007649 0.001339
300 0.009570 0.033705 0.028963 0.028701 0.017469 0.002578
400 0.017274 0.038688 0.046903 0.048590 0.031420 0.003418
500 0.027039 0.060892 0.072066 0.069983 0.045830 0.004608
600 0.040451 0.090728 0.107483 0.111095 0.068498 0.006711
700 0.055808 0.118793 0.138713 0.155392 0.099149 0.007992
800 0.072398 0.153346 0.176099 0.160906 0.120837 0.009966
900 0.093428 0.197181 0.201641 0.194349 0.153422 0.013346
1000 0.114436 0.248464 0.272172 0.243477 0.192965 0.013118
2000 0.461329 0.996059 1.048450 1.128540 0.831817 0.050171
3000 1.047582 2.209453 2.306935 2.344977 1.817085 0.124484
4000 1.834053 3.864542 4.339080 4.143389 3.170074 0.196005
5000 2.923079 5.923898 7.040180 6.298867 5.226781 0.276929
6000 4.126158 8.702040 9.344316 9.245881 7.297091 0.354187
7000 5.698403 11.882411 14.361680 11.988053 9.840462 0.513109
8000 7.395833 15.229374 18.268326 17.723133 12.608601 0.640376
9000 9.548535 20.351767 21.854116 21.588760 15.718828 0.853126
10000 13.515662 25.341817 27.482803 24.621370 20.145356 0.961124
11000 14.342542 30.683275 33.640188 31.522921 24.182478 1.230747
